geneID	sg_hCHUK_1	sg_hCHUK_2	sg_hCHUK_3	sg_hCHUK_3	sg_hCHUK_5	sg_hCHUK_6	sg_hCHUK_8	sg_hIKBKG_1	sg_hIKBKG_2	sg_hIKBKG_3	sg_hIKBKG_4	sg_hIKBKG_5	sg_hIKBKG_6	sg_hIKBKG_7	sg_hIKBKG_8	sg_hRELA_1	sg_hRELA_2	sg_hRELA_3	sg_hRELA_4	sg_hRELA_5	sg_hRELA_6	sg_hRELA_7	sg_hRELA_8	sg_hSMPD1_1	sg_hSMPD1_2	sg_hSMPD1_3	sg_hSMPD1_4	sg_hSMPD1_5	sg_hSMPD1_6	sg_hSMPD1_7	sg_hSMPD1_8	sg_hTAB1_1	sg_hTAB1_2	sg_hTAB1_3	sg_hTAB1_4	sg_hTAB1_5	sg_hTAB1_6	sg_hTAB1_7	sg_hTAB1_8	sg_hACTG1_1	sg_hACTG1_2	sg_hACTG1_3	sg_hACTG1_4	sg_hACTG1_5	sg_hACTG1_6	sg_hACTG1_7	sg_hACTG1_8	sg_hTNFRSF1A_1	sg_hTNFRSF1A_2	sg_hTNFRSF1A_3	sg_hTNFRSF1A_4	sg_hTNFRSF1A_5	sg_hTNFRSF1A_6	sg_hTNFRSF1A_7	sg_hTNFRSF1A_8	Neg_Control_Human
IL32	852.492	319.433	379.11	242.335	540.242	730.572	613.168	916.706	127.884	173.425	305.281	390.607	62.2253	91.4933	2350.629	306.139	1130.327	440.034	448.818	1121.256	291.679	621.63	515.657	2372.267	3696.684	2535.715	2561.991	2327.328	2009.507	2294.98	2089.93	1846.545	1898.435	1748.176	2782.707	1735.215	2389.799	1712.547	1690.014	2866.047	2430.786	2198.452	2067.356	2177.843	2137.201	2079.036	2521.35	186.91	52.5264	47.0664	205.167	293.034	298.484	236.625	55.3951	2011.614
IL6ST	96.0257	58.2947	56.2342	50.4418	66.8996	70.8246	70.3598	83.6908	67.2351	73.3399	82.2447	92.3468	59.9916	51.9049	90.4638	76.8288	0	77.1957	74.6758	102.398	93.6857	97.4659	82.8546	89.9997	135.509	93.007	101.907	85.34	78.1331	98.0032	83.7866	103.409	90.1801	82.6224	218.808	95.5577	128.693	85.8255	105.645	152.045	97.3189	98.1355	90.4266	82.2849	89.6578	94.4712	109.701	63.6989	59.4877	54.5112	62.7984	60.3401	61.8957	61.7813	55.1607	110.772
IL13RA1	107.465	76.3862	61.3464	62.8912	73.0663	81.8589	96.5192	80.7713	83.4265	96.5329	86.7752	107.672	101.475	90.3203	80.452	114.067	0	85.7831	82.464	111.268	129.907	95.1841	89.8466	92.7928	137.578	95.5552	94.9492	85.34	75.5502	92.89	81.1104	83.5568	79.1014	72.0809	138.634	87.1261	133.182	73.935	99.1392	140.263	110.441	101.823	94.072	85.939	95.2614	93.377	102.2	82.2403	104.103	76.9718	82.5611	83.77	79.5203	76.5001	79.6158	105.096
IL10RB	125.827	145.463	143.949	144.886	126.511	112.396	119.07	108.993	109.772	110.114	109.079	107.279	108.176	128.443	110.845	111.127	0	122.663	110.487	104.566	93.141	128.433	99.6353	116.689	84.4779	102.881	108.864	109.89	123.98	98.5145	109.931	114.965	125.41	120.515	93.1188	122.82	58.3608	125.156	114.94	100.403	94.3119	104.002	109.059	114.36	106.085	100.368	102.423	138.463	115.495	148.518	146.79	135.337	132.436	129.75	137.042	97.3556
IL6R	66.2246	46.4165	55.9652	50.0125	57.1823	57.9941	68.1047	65.5253	50.2205	49.5201	48.7892	70.7337	44.3555	45.4534	67.2221	74.4769	0	76.2918	63.6042	88.7977	83.3367	74.6478	73.0659	53.9998	122.062	56.059	58.934	48.3983	44.5553	57.4384	53.3187	47.1118	39.6615	40.7414	75.5807	35.6936	31.425	36.7388	50.8089	92.0043	65.0615	68.72	59.5418	47.0973	61.6397	60.2452	70.0396	29.9056	30.3767	25.6152	25.7434	29.3141	28.2832	28.3125	28.2054	75.6828
IL15RA	77.6634	55.9191	46.5479	50.8711	54.1924	52.092	61.1138	61.9571	47.4762	48.0575	58.5471	51.0854	43.079	42.5209	71.1553	44.2941	339.098	59.3883	53.0671	67.4114	52.2897	71.0621	55.2364	57.7239	66.8927	67.2071	61.5942	62.193	69.2544	76.1869	68.1409	53.3341	55.6147	62.679	61.3833	53.3999	46.3893	63.5688	59.6384	78.5922	70.5289	71.2341	62.2759	64.6234	64.8637	66.9931	65.9545	37.382	34.1738	29.9054	31.5942	39.1568	36.7598	36	31.0181	64.5024
IL4R	16.8572	16.4468	18.8344	15.2399	19.9951	17.4495	19.1685	28.8701	14.8192	21.3125	20.5612	16.1116	18.1889	14.6624	15.7328	20.7751	113.033	25.4909	25.3501	27.3982	23.9661	29.0116	22.3743	24.5172	35.5152	27.3925	25.579	29.4598	25.3448	29.6566	22.645	24.8893	21.271	18.5188	40.5046	16.301	23.9429	20.1225	26.179	40.863	33.0775	32.3487	29.1633	26.12	30.6279	29.5451	34.0171	14.6537	13.2898	11.4827	15.082	13.5872	14.2255	12.9375	12.4229	27.693
IL20RA	22.2756	25.5839	33.902	30.6943	23.3588	19.5024	21.1982	16.5435	23.052	22.1482	21.9552	20.8271	28.0812	48.3859	28.2476	24.499	0	21.8751	21.6086	20.4994	20.1533	21.8402	22.7238	28.2413	16.5508	30.8962	26.1929	27.1218	23.2462	19.7711	27.5858	24.8893	33.0143	33.9037	20.4611	31.1968	26.9357	32.6228	23.2358	12.284	18.0423	17.18	15.2905	23.8193	14.6615	18.1769	17.1571	31.4008	29.4274	42.6499	41.6056	33.9145	45.614	40.0313	29.768	19.4367
IL17RA	8.42859	7.12694	8.0719	4.93685	7.66168	6.41528	7.89293	8.43395	5.48858	11.9099	11.5003	11.003	10.5304	6.45145	7.86642	9.21162	0	6.5987	7.40649	14.0933	10.6213	10.4311	6.29276	6.51722	13.1027	8.91848	9.41306	8.4171	7.58731	14.317	10.4991	7.70382	6.20403	7.40752	19.6259	12.6473	10.475	7.46972	8.82959	25.696	8.4744	7.96146	9.31606	6.09016	7.13885	8.51092	10.0269	6.87828	10.1256	5.80443	4.29057	6.31217	5.83289	4.78126	4.76601	16.1686
IL11	16.5562	8.77162	7.26471	6.43937	7.84855	10.7777	11.2756	13.6241	3.56758	9.82045	8.01538	3.92965	5.10566	2.93248	10.7269	12.5435	0	18.4402	16.1874	18.6268	13.8895	20.8623	19.2279	5.58619	20.3437	5.09628	7.36675	6.31282	7.91017	22.3277	9.6756	3.85191	3.76674	4.84338	7.51632	3.65368	8.97858	3.65864	3.56282	24.9439	10.388	10.2242	8.60723	7.44353	9.97903	8.87567	12.5522	0.897167	1.58212	0.630916	0.390052	1.06986	0.923191	1.3125	0.937575	14.6205
IL1RAP	24.9847	24.6702	23.9466	22.3232	20.182	20.7855	15.1093	18.8142	23.8753	19.8498	18.4702	14.1467	15.9552	20.8206	15.3753	23.127	0	18.169	19.0125	13.502	14.9788	17.9285	11.5367	15.8275	12.4131	14.0148	16.9844	16.8342	19.3719	16.3623	14.6163	14.815	13.5159	18.5188	9.60418	13.4905	2.99286	16.6163	16.265	11.7826	9.2945	13.4926	16.8094	17.9321	16.5805	17.4474	16.3401	14.3547	20.2511	18.9275	19.1126	23.7509	15.1907	19.875	21.2517	14.4485
IL11RA	9.33165	8.58888	7.80283	11.1616	8.40916	12.0607	9.92254	10.3803	9.60502	12.1189	14.6368	12.9678	10.2113	9.09068	12.1572	10.5836	0	10.0336	8.70454	13.0092	14.9788	13.3649	11.8863	9.62065	26.2054	11.7851	10.027	10.2876	9.84736	15.5101	10.4991	9.48162	10.4139	10.5415	26.3071	9.55577	10.475	9.60392	14.0964	16.4204	16.1287	15.0849	10.5312	10.5563	10.1326	10.9426	11.3638	14.9528	16.7705	16.1515	15.7321	15.299	13.3023	15	13.7511	13.7605
IL27RA	9.33165	12.2437	11.8388	12.6641	11.0253	13.3438	9.02049	11.3534	10.4283	10.8652	11.1518	11.7889	10.2113	11.1434	16.448	12.3475	0	10.0336	11.7588	9.26413	12.2554	12.061	13.9839	13.9655	11.0338	15.2888	14.5289	19.1723	15.4975	11.2491	12.7636	10.9631	16.618	13.1056	13.3623	12.6473	2.99286	15.7017	13.1669	10.6545	10.6613	12.4031	15.1892	14.9547	13.5868	17.1434	13.8891	8.37356	9.80914	12.8707	12.8717	12.5174	13.8479	13.6875	12.9698	12.3845
IL17RB	8.12757	5.84774	7.26471	6.22473	7.28794	10.2644	5.86332	5.51451	8.78173	6.26837	8.01538	7.46633	7.02029	9.09068	5.72103	4.31182	0	6.23713	6.26116	7.68726	8.17027	6.51946	9.08954	8.37928	6.55135	10.8296	9.6177	8.65091	8.71733	10.3969	8.23455	8.00012	7.53347	8.26224	8.76904	7.30735	7.48215	8.38438	9.1394	6.89406	10.388	8.79951	7.59462	6.69918	6.8318	7.84221	7.42731	6.28017	9.49272	7.94954	8.58115	6.63313	7.67927	8.25001	6.01611	11.1804
IL17RD	7.2245	6.21323	6.18846	6.43937	8.03542	8.46816	9.47151	11.029	4.6653	8.98467	6.6214	10.6101	7.6585	8.50419	10.0118	7.05571	0	6.23713	7.17742	8.08148	8.44261	10.1052	9.43914	4.03447	5.51692	11.1481	8.38991	9.81995	5.65012	8.69246	7.61696	7.40751	8.41976	8.83205	6.68117	5.33999	16.4607	7.92705	8.82959	10.6545	7.10756	8.88331	6.98705	6.29317	5.91066	8.57171	6.01612	5.98111	11.0748	4.79496	8.9712	5.88423	6.67215	6.37501	5.54732	10.1484
IL23A	6.32144	4.93403	7.26471	4.29292	6.72733	7.18511	7.21639	6.16327	3.29315	5.85048	4.53043	5.50151	3.19104	6.7447	9.65424	8.03566	0	10.124	6.56658	9.5598	7.62558	12.061	8.39034	12.7241	13.7923	8.59996	12.2779	8.88472	9.84736	12.9535	9.88147	7.11121	9.08448	8.54714	9.60418	9.83682	1.49643	6.85994	10.0688	18.802	10.9347	10.727	9.72111	8.99991	10.5164	9.60518	9.80405	4.48584	3.48066	5.42588	5.72077	4.81437	4.11239	4.87501	3.67217	9.46035
IL18R1	14.449	12.4265	8.0719	7.72725	6.54046	6.15866	7.66742	6.81204	7.13516	5.85048	5.57591	7.07337	7.33939	11.7299	7.50886	8.62364	0	7.59302	6.71929	7.98292	3.54045	7.49738	7.69115	10.862	6.55135	7.64441	7.16211	8.65091	12.5917	9.7151	9.05801	6.22231	10.6355	7.97733	4.17573	9.83682	1.49643	10.9759	7.12563	5.3899	9.02114	9.30234	9.11354	9.20291	9.59522	9.11884	9.58123	8.37356	5.06278	5.93061	7.41099	6.8471	6.71411	6.56251	6.95368	7.22427
IL2RG	2.40817	1.46194	1.07625	0.858583	1.68183	2.82272	2.70615	2.91945	1.09772	0	1.39398	2.75075	0	0.586496	6.43616	0.783967	0	1.71747	1.52711	6.99738	0.817027	4.56362	0.699195	4.9655	21.0333	6.68886	6.75285	5.37759	4.0358	9.37422	5.35246	9.18532	8.19819	5.983	24.6368	7.30735	8.97858	5.94529	9.60411	19.6794	10.6613	8.04526	7.39209	7.3082	9.74875	8.26775	8.98705	1.19622	0.949272	0.252367	0.390052	0.855887	0.839264	1.40625	0.312525	7.05226
IL7R	1.80613	0.91371	2.15251	1.28787	2.05557	2.82272	2.02961	3.56821	0.823287	1.04473	1.04548	0.78593	0.638208	0.586496	5.36347	2.15591	0	3.07337	2.7488	4.92773	2.99576	2.93376	1.39839	8.68962	9.30981	6.37034	4.5019	7.24806	6.61872	10.056	5.76419	4.44451	3.76674	3.70376	7.93389	2.24842	4.48929	2.89642	6.35111	14.5402	12.5749	8.6319	9.41732	8.12022	9.51846	9.11884	11.7352	0.299056	0.316424	0.504733	1.43019	0.641916	0.587485	0.843751	0.156263	7.05226
IL18BP	11.1378	12.2437	10.2244	12.4495	7.66168	10.0078	9.47151	13.2997	12.0749	12.9546	14.9853	12.1819	10.2113	7.62444	10.0118	9.79959	0	10.9376	8.55182	10.841	6.26387	7.49738	4.54477	7.44825	11.0338	7.3259	6.34359	7.71567	11.7845	12.2717	11.1166	7.70382	8.41976	10.2566	4.17573	10.1179	2.99286	9.14659	7.43544	6.01663	10.1146	8.79951	11.5438	9.94727	10.2093	11.3074	11.6609	8.67261	15.1883	11.3565	10.1414	11.1265	6.92393	9.46876	8.43818	6.19223
IL12A	9.93369	10.2336	6.99564	9.01512	10.4647	6.67189	10.1481	10.0559	7.68402	9.82045	6.96989	8.25226	7.02029	6.7447	10.3694	11.3675	0	7.77381	9.84987	7.49015	7.62558	8.14932	9.43914	6.82756	7.58577	7.3259	9.41306	9.35233	7.91017	8.69246	9.46974	8.88902	6.42561	5.983	5.84602	5.05894	4.48929	8.23193	5.57658	6.76871	7.10756	8.12907	7.99966	6.96985	7.8297	7.53824	7.05595	5.383	2.84781	7.31863	6.76091	7.80997	6.71411	6.93751	7.10995	5.84822
IL1A	5.41838	4.02032	7.26471	4.93685	4.29802	5.90205	7.66742	4.21698	3.01872	5.64153	4.18194	3.53668	2.87194	4.98521	8.22398	4.7038	0	6.68909	4.50498	5.4205	5.1745	5.86751	4.54477	10.5517	7.93058	7.00738	6.34359	5.14378	5.16583	6.47673	5.76419	5.33341	4.20988	6.55281	7.51632	5.05894	5.98572	3.20131	6.35111	8.14752	4.37388	7.62624	6.07569	8.32322	7.29237	8.20696	7.20449	2.6915	1.2657	2.14512	2.08028	2.99561	2.47583	2.71875	2.34394	5.67621
IL15	4.81634	2.37565	4.57408	3.00504	4.67176	3.07933	2.48063	4.54136	2.46986	4.17891	3.48495	3.92965	3.51014	3.22573	3.93321	3.33186	0	5.33319	4.50498	6.99738	5.44684	4.56362	5.59356	9.62065	4.82731	5.41479	5.93432	3.50712	4.0358	4.60189	4.32314	5.03711	4.20988	3.41886	8.35146	3.65368	5.98572	3.81108	3.87263	7.64613	5.74072	5.61492	5.16434	5.41348	4.14514	5.34972	5.19912	4.48584	4.74636	4.66878	5.59075	4.17245	3.69276	3.375	3.12525	5.3322
IL17RC	6.02042	5.48226	4.03595	3.64898	4.29802	6.67189	4.51024	4.86574	5.21415	4.80575	6.6214	7.46633	6.06298	4.98521	4.29077	4.8998	0	4.42926	4.42862	5.12484	3.81279	5.54154	2.44718	4.65516	5.51692	5.73331	4.09264	4.20855	5.00439	5.28365	5.1466	5.92601	6.20403	4.55848	2.92301	4.77788	4.48929	3.50619	4.33734	4.38713	2.73368	4.44166	5.06308	3.78944	4.60571	4.25546	3.93648	4.18678	3.48066	3.65931	4.29057	4.49341	4.23828	4.03125	3.43778	5.3322
IL17D	3.01021	3.83758	2.9597	1.71717	2.42931	1.53967	3.15717	3.56821	1.37215	1.67157	4.18194	3.92965	2.23373	2.05273	2.14539	2.15591	0	1.80786	2.13796	2.66097	3.54045	3.25973	4.19517	2.48275	3.44808	4.14072	2.86485	3.03951	3.06721	3.23837	2.67623	2.3704	3.10202	3.70376	2.50544	2.52947	1.49643	2.59153	4.64715	3.00832	1.36684	2.43034	2.12649	2.50373	2.22609	2.67486	2.30247	1.49528	1.2657	2.90221	2.86038	3.42355	3.52491	2.34375	3.51591	3.61213
IL12RB2	1.50511	1.82742	2.69063	2.14646	2.05557	1.28306	2.25512	1.62191	1.37215	0.835783	3.48495	2.35779	0.638208	2.05273	2.50295	3.13587	0	2.07904	1.52711	2.06965	1.9064	2.28181	3.84557	2.79309	1.72404	2.54814	3.06948	2.33808	1.93719	2.55661	1.44105	1.4815	1.32944	1.70943	2.50544	1.68631	0	2.59153	4.33734	2.50693	1.36684	2.51414	2.22775	1.96239	1.76552	2.24931	2.15392	1.79433	0.632848	2.52367	1.69023	2.03273	2.34994	1.5	1.79702	3.44013
IL17C	1.80613	0.730968	0.538127	0.643937	0	0.513222	0.225512	0.324383	0.274429	0.835783	0.696989	0.392965	0.319104	0	0.715129	0.587975	0	0.723145	0.229067	0.591328	0.817027	0.977919	0.699195	0.310344	1.37923	0.318517	0	0.935233	0.484296	0.17044	0.205864	0.296301	0.664718	1.13962	1.67029	0	0	0.609773	0.774525	0.877425	0.273368	0.419024	0.202523	0.609016	0.537332	0.911884	0.519912	0	0	0.630916	0.130017	0.213972	0.503559	0.375	0.62505	1.72006
IL10RA	1.80613	1.09645	2.15251	3.64898	1.49496	1.79628	1.35307	2.27068	1.921	1.67157	1.39398	1.96482	1.91462	0.879743	3.57565	2.54789	0	0.813538	1.98524	2.46387	0.544684	1.95584	1.04879	1.24137	0.689615	0.955552	1.22779	1.87047	1.93719	3.06793	1.44105	2.3704	1.77258	3.41886	1.25272	2.52947	0	1.82932	1.54905	2.88297	3.82715	1.92751	2.53154	1.62404	1.53524	2.06694	2.00537	1.79433	1.89854	1.76657	0.650087	1.06986	1.46871	1.3125	1.48449	1.37605
IL17RE	1.20408	0.365484	0.80719	0.858583	1.12122	0.513222	0.676537	0.973149	0.823287	0.417891	0	0.78593	1.27642	0.586496	0.357565	1.37194	0	0.632752	1.3744	0.985546	1.36171	0	1.04879	1.24137	3.44808	0.637034	0.613896	0.701425	0.645728	0.511321	0.617592	0.888902	0.221573	1.13962	0	0.843156	0	0.762216	0.92943	1.75485	1.64021	0.838048	0.911354	1.35337	1.45847	1.27664	0.445639	0.299056	0.949272	0.126183	0.52007	0.427944	1.17497	1.21875	0.859444	1.37605
IL1R1	0.602042	0.182742	0	0.429292	0.18687	0	0.451024	0.648766	0.548858	0.835783	0.696989	0.78593	0.319104	0.293248	0.715129	0.979959	0	0.632752	0.381778	0.985546	0.817027	0.325973	0	1.24137	2.06885	0.318517	0.409264	0.233808	0.322864	0.511321	0.205864	0.296301	0.221573	0.284905	2.08787	0	0	0.152443	0.464715	1.12812	0.273368	1.00566	0.708831	0.541348	0.921141	0.547131	0.445639	0	0.949272	0.630916	0.130017	0.427944	0.251779	0.562501	0.0781313	1.37605
IL20RB	0.301021	2.01016	0.80719	1.50252	0.747481	2.05289	1.35307	1.62191	1.09772	0.835783	0.696989	1.17889	0.638208	0.293248	3.57565	1.56793	0	1.89826	0.992622	1.18266	0.544684	1.95584	0.349598	0	1.03442	0.318517	2.04632	2.33808	0.80716	1.7044	1.23518	1.1852	1.77258	1.70943	3.75816	1.40526	5.98572	0.914659	0.92943	1.75485	1.09347	1.34088	1.11388	1.75938	1.84228	1.39822	1.55974	1.79433	2.21497	1.13565	1.56021	1.28383	0.881227	0.937501	1.09384	1.03204
